Category: All categories,,,,,
,,,,,
DMA,Python: (1/1/18 - 7/14/20),Tableau: (1/1/18 - 7/14/20),SQL: (1/1/18 - 7/14/20),JavaScript: (1/1/18 - 7/14/20),HTML: (1/1/18 - 7/14/20)
Lafayette IN,70%,2%,10%,8%,10%
San Francisco-Oakland-San Jose CA,56%,4%,15%,16%,9%
Charlottesville VA,61%,4%,14%,10%,11%
Austin TX,45%,6%,20%,17%,12%
Champaign & Springfield-Decatur IL,65%,2%,14%,9%,10%
Boston MA-Manchester NH,50%,5%,20%,14%,11%
Seattle-Tacoma WA,44%,8%,21%,16%,11%
Santa Barbara-Santa Maria-San Luis Obispo CA,56%,2%,15%,15%,12%
Washington DC (Hagerstown MD),43%,6%,24%,14%,13%
Syracuse NY,61%,3%,14%,10%,12%
Monterey-Salinas CA,56%,2%,13%,14%,15%
San Diego CA,49%,4%,17%,16%,14%
Pittsburgh PA,51%,4%,22%,12%,11%
Denver CO,45%,4%,22%,16%,13%
Lansing MI,49%,4%,24%,11%,12%
Baltimore MD,49%,4%,21%,13%,13%
Portland OR,42%,4%,22%,17%,15%
Gainesville FL,52%,2%,17%,14%,15%
Waco-Temple-Bryan TX,62%,3%,13%,9%,13%
Madison WI,40%,4%,26%,16%,14%
New York NY,43%,5%,24%,15%,13%
Rochester NY,48%,3%,21%,14%,14%
Eugene OR,53%,2%,14%,15%,16%
Raleigh-Durham (Fayetteville) NC,46%,5%,21%,15%,13%
Butte-Bozeman MT,52%,2%,14%,16%,16%
Helena MT,31%,11%,37%,10%,11%
Huntsville-Decatur (Florence) AL,58%,1%,16%,12%,13%
Salt Lake City UT,38%,4%,21%,20%,17%
Springfield-Holyoke MA,56%,3%,16%,12%,13%
Burlington VT-Plattsburgh NY,50%,3%,18%,14%,15%
Cedar Rapids-Waterloo-Iowa City & Dubuque IA,45%,4%,24%,13%,14%
Binghamton NY,55%,3%,15%,13%,14%
Tucson (Sierra Vista) AZ,54%,3%,16%,13%,14%
Los Angeles CA,46%,4%,20%,16%,14%
Johnstown-Altoona PA,59%,2%,17%,10%,12%
Hartford & New Haven CT,42%,6%,28%,12%,12%
Detroit MI,46%,3%,23%,14%,14%
Chicago IL,41%,6%,26%,14%,13%
Roanoke-Lynchburg VA,56%,2%,17%,12%,13%
Richmond-Petersburg VA,38%,6%,30%,13%,13%
Peoria-Bloomington IL,41%,5%,25%,14%,15%
Boise ID,39%,4%,25%,16%,16%
Des Moines-Ames IA,36%,4%,31%,15%,14%
Albany-Schenectady-Troy NY,46%,4%,23%,13%,14%
Ft. Smith-Fayetteville-Springdale-Rogers AR,33%,8%,31%,15%,13%
Marquette MI,51%,2%,15%,12%,20%
Providence RI-New Bedford MA,45%,5%,21%,14%,15%
Minneapolis-St. Paul MN,36%,5%,30%,15%,14%
Philadelphia PA,42%,5%,25%,14%,14%
Columbus OH,36%,6%,29%,15%,14%
Albuquerque-Santa Fe NM,56%,2%,18%,12%,12%
Dallas-Ft. Worth TX,35%,6%,32%,14%,13%
Fairbanks AK,61%,,16%,7%,16%
Idaho Falls-Pocatello ID,42%,2%,17%,18%,21%
Atlanta GA,37%,6%,28%,15%,14%
Charlotte NC,34%,6%,32%,14%,14%
St. Louis MO,36%,5%,29%,16%,14%
Sacramento-Stockton-Modesto CA,44%,4%,22%,15%,15%
Dayton OH,45%,2%,24%,14%,15%
South Bend-Elkhart IN,48%,7%,19%,11%,15%
Colorado Springs-Pueblo CO,46%,3%,20%,15%,16%
Missoula MT,40%,2%,20%,19%,19%
Harrisonburg VA,45%,2%,21%,13%,19%
Buffalo NY,45%,5%,24%,12%,14%
Rochester MN-Mason City IA-Austin MN,42%,7%,24%,13%,14%
Spokane WA,43%,3%,22%,15%,17%
Indianapolis IN,37%,5%,26%,16%,16%
Phoenix AZ,37%,5%,26%,16%,16%
Knoxville TN,49%,4%,21%,12%,14%
Reno NV,44%,4%,21%,16%,15%
Kansas City MO,33%,5%,29%,17%,16%
Cincinnati OH,35%,5%,30%,15%,15%
Utica NY,53%,1%,18%,12%,16%
Columbia-Jefferson City MO,35%,6%,27%,14%,18%
Bend OR,36%,5%,20%,19%,20%
Columbus GA,48%,4%,23%,10%,15%
Houston TX,42%,5%,28%,12%,13%
Yakima-Pasco-Richland-Kennewick WA,47%,2%,20%,16%,15%
Tallahassee FL-Thomasville GA,36%,4%,30%,12%,18%
Topeka KS,40%,2%,30%,11%,17%
Omaha NE,29%,6%,35%,15%,15%
Ottumwa IA-Kirksville MO,27%,2%,25%,23%,23%
Mankato MN,39%,,31%,14%,16%
San Antonio TX,40%,6%,26%,14%,14%
Portland-Auburn ME,39%,5%,26%,14%,16%
Eureka CA,50%,,14%,15%,21%
Oklahoma City OK,41%,4%,26%,14%,15%
Lincoln & Hastings-Kearney NE,35%,2%,27%,17%,19%
Norfolk-Portsmouth-Newport News VA,40%,3%,29%,13%,15%
Orlando-Daytona Beach-Melbourne FL,40%,4%,22%,17%,17%
Bangor ME,48%,3%,18%,13%,18%
Wausau-Rhinelander WI,28%,5%,37%,14%,16%
Columbus-Tupelo-West Point MS,53%,1%,15%,12%,19%
Lubbock TX,51%,3%,17%,12%,17%
Lexington KY,41%,4%,24%,14%,17%
Greenville-Spartanburg SC-Asheville NC-Anderson SC,40%,4%,23%,15%,18%
Louisville KY,32%,4%,35%,14%,15%
Nashville TN,34%,6%,30%,15%,15%
Juneau AK,34%,,30%,19%,17%
Elmira NY,53%,2%,18%,13%,14%
Rapid City SD,47%,,20%,15%,18%
Anchorage AK,43%,3%,26%,12%,16%
Honolulu HI,41%,3%,21%,16%,19%
Charleston SC,37%,3%,22%,18%,20%
Tampa-St. Petersburg (Sarasota) FL,34%,5%,30%,15%,16%
Augusta GA,46%,2%,21%,13%,18%
Sioux Falls(Mitchell) SD,35%,3%,30%,14%,18%
Milwaukee WI,32%,4%,31%,17%,16%
Chico-Redding CA,41%,2%,21%,17%,19%
Jacksonville FL,30%,5%,34%,15%,16%
Fargo-Valley City ND,36%,2%,27%,16%,19%
Cleveland-Akron (Canton) OH,35%,5%,29%,15%,16%
Davenport IA-Rock Island-Moline IL,39%,5%,26%,16%,14%
Wilmington NC,45%,2%,20%,15%,18%
Greensboro-High Point-Winston Salem NC,37%,5%,30%,12%,16%
West Palm Beach-Ft. Pierce FL,35%,3%,26%,16%,20%
Grand Junction-Montrose CO,44%,,23%,14%,19%
Monroe LA-El Dorado AR,49%,2%,21%,13%,15%
Harrisburg-Lancaster-Lebanon-York PA,33%,4%,30%,15%,18%
Memphis TN,36%,5%,30%,13%,16%
Grand Rapids-Kalamazoo-Battle Creek MI,36%,4%,27%,16%,17%
Tulsa OK,39%,2%,28%,14%,17%
Birmingham AL,38%,4%,30%,13%,15%
Miami-Ft. Lauderdale FL,32%,5%,29%,16%,18%
Watertown NY,53%,,16%,12%,19%
Little Rock-Pine Bluff AR,39%,3%,28%,13%,17%
Wichita-Hutchinson KS,40%,4%,26%,14%,16%
Wilkes Barre-Scranton PA,44%,3%,24%,12%,17%
Baton Rouge LA,37%,5%,31%,13%,14%
Las Vegas NV,35%,7%,23%,17%,18%
Medford-Klamath Falls OR,39%,2%,20%,19%,20%
Lafayette LA,44%,3%,23%,14%,16%
Flint-Saginaw-Bay City MI,43%,3%,22%,14%,18%
Terre Haute IN,49%,1%,17%,17%,16%
Chattanooga TN,34%,5%,29%,15%,17%
Columbia SC,34%,4%,28%,14%,20%
Duluth MN-Superior WI,40%,4%,21%,15%,20%
Erie PA,36%,3%,26%,13%,22%
La Crosse-Eau Claire WI,30%,3%,31%,17%,19%
Springfield MO,37%,1%,28%,15%,19%
Green Bay-Appleton WI,31%,3%,32%,15%,19%
St. Joseph MO,38%,,24%,14%,24%
Traverse City-Cadillac MI,46%,3%,20%,14%,17%
Cheyenne WY-Scottsbluff NE,41%,,29%,14%,16%
Toledo OH,36%,4%,28%,15%,17%
Clarksburg-Weston WV,54%,,15%,13%,18%
Ft. Wayne IN,32%,3%,28%,17%,20%
Mobile AL-Pensacola (Ft. Walton Beach) FL,38%,3%,26%,14%,19%
Ft. Myers-Naples FL,41%,4%,22%,15%,18%
New Orleans LA,37%,13%,19%,16%,15%
Parkersburg WV,52%,,20%,12%,16%
Bowling Green KY,45%,1%,19%,12%,23%
Jonesboro AR,42%,2%,27%,12%,17%
Casper-Riverton WY,55%,,18%,10%,17%
El Paso TX,44%,3%,21%,13%,19%
Tri-Cities TN-VA,43%,2%,20%,14%,21%
North Platte NE,73%,,27%,,
"Billings, MT",41%,,24%,15%,20%
Evansville IN,35%,3%,31%,14%,17%
Salisbury MD,47%,3%,17%,13%,20%
Paducah KY-Cape Girardeau MO-Harrisburg-Mount Vernon IL,44%,2%,21%,13%,20%
Tyler-Longview(Lufkin & Nacogdoches) TX,43%,3%,20%,15%,19%
Panama City FL,44%,2%,17%,16%,21%
Sherman TX-Ada OK,43%,,24%,11%,22%
Twin Falls ID,40%,,18%,15%,27%
Biloxi-Gulfport MS,40%,2%,24%,12%,22%
Corpus Christi TX,50%,3%,18%,10%,19%
Charleston-Huntington WV,45%,2%,22%,13%,18%
Savannah GA,42%,2%,20%,12%,24%
Quincy IL-Hannibal MO-Keokuk IA,40%,4%,25%,12%,19%
Jackson MS,39%,2%,25%,14%,20%
Fresno-Visalia CA,42%,3%,18%,17%,20%
Zanesville OH,57%,,20%,,23%
Rockford IL,40%,2%,25%,15%,18%
Sioux City IA,40%,1%,23%,15%,21%
Wheeling WV-Steubenville OH,50%,,21%,12%,17%
Montgomery (Selma) AL,36%,3%,33%,11%,17%
Beaumont-Port Arthur TX,48%,3%,18%,14%,17%
Bluefield-Beckley-Oak Hill WV,57%,,13%,10%,20%
Odessa-Midland TX,49%,4%,20%,13%,14%
Youngstown OH,45%,2%,19%,14%,20%
Joplin MO-Pittsburg KS,40%,2%,25%,14%,19%
Greenville-New Bern-Washington NC,46%,3%,20%,11%,20%
Minot-Bismarck-Dickinson(Williston) ND,39%,,28%,15%,18%
Great Falls MT,43%,,24%,12%,21%
Amarillo TX,42%,2%,22%,15%,19%
Macon GA,37%,3%,25%,14%,21%
Wichita Falls TX & Lawton OK,48%,1%,17%,16%,18%
San Angelo TX,45%,,21%,17%,17%
Abilene-Sweetwater TX,43%,2%,18%,14%,23%
Hattiesburg-Laurel MS,41%,,22%,15%,22%
Jackson TN,39%,,23%,14%,24%
Presque Isle ME,63%,,,,37%
Lima OH,39%,,27%,12%,22%
Bakersfield CA,39%,4%,25%,15%,17%
Shreveport LA,40%,3%,24%,15%,18%
Lake Charles LA,50%,,18%,12%,20%
Florence-Myrtle Beach SC,41%,2%,17%,15%,25%
Victoria TX,49%,,25%,,26%
Alexandria LA,54%,,17%,12%,17%
Alpena MI,100%,,,,
Palm Springs CA,35%,4%,17%,21%,23%
Dothan AL,38%,,31%,15%,16%
Harlingen-Weslaco-Brownsville-McAllen TX,38%,2%,21%,14%,25%
Meridian MS,51%,,24%,,25%
Albany GA,44%,3%,21%,9%,23%
Yuma AZ-El Centro CA,39%,3%,20%,14%,24%
Laredo TX,33%,,25%,17%,25%
Greenwood-Greenville MS,35%,,19%,16%,30%
Glendive MT,,,,,