Category: All categories

DMA,airline: (1/1/18 - 7/15/20),vacation: (1/1/18 - 7/15/20),car rental: (1/1/18 - 7/15/20)
Baton Rouge LA,60%,22%,18%
Honolulu HI,22%,27%,51%
Juneau AK,19%,26%,55%
Panama City FL,11%,54%,35%
Las Vegas NV,21%,25%,54%
Shreveport LA,47%,29%,24%
Ft. Myers-Naples FL,19%,36%,45%
Anchorage AK,29%,23%,48%
Orlando-Daytona Beach-Melbourne FL,17%,38%,45%
Fairbanks AK,24%,26%,50%
West Palm Beach-Ft. Pierce FL,21%,32%,47%
Miami-Ft. Lauderdale FL,24%,29%,47%
Zanesville OH,13%,64%,23%
Bend OR,18%,50%,32%
Savannah GA,13%,48%,39%
Tampa-St. Petersburg (Sarasota) FL,19%,36%,45%
Florence-Myrtle Beach SC,13%,50%,37%
Palm Springs CA,16%,45%,39%
Memphis TN,15%,37%,48%
Jacksonville FL,16%,39%,45%
Charleston-Huntington WV,10%,60%,30%
Evansville IN,12%,58%,30%
Atlanta GA,17%,36%,47%
Parkersburg WV,14%,57%,29%
Denver CO,20%,32%,48%
Wheeling WV-Steubenville OH,11%,56%,33%
Terre Haute IN,15%,59%,26%
New Orleans LA,36%,32%,32%
Clarksburg-Weston WV,10%,62%,28%
Cincinnati OH,14%,48%,38%
Mobile AL-Pensacola (Ft. Walton Beach) FL,16%,44%,40%
Pittsburgh PA,16%,50%,34%
Boston MA-Manchester NH,17%,47%,36%
Phoenix AZ,21%,32%,47%
Lima OH,15%,54%,31%
Youngstown OH,13%,54%,33%
Charleston SC,14%,43%,43%
Providence RI-New Bedford MA,14%,48%,38%
Knoxville TN,13%,52%,35%
Dayton OH,15%,48%,37%
Paducah KY-Cape Girardeau MO-Harrisburg-Mount Vernon IL,12%,57%,31%
Traverse City-Cadillac MI,15%,50%,35%
Colorado Springs-Pueblo CO,20%,33%,47%
Salisbury MD,15%,50%,35%
Wilmington NC,15%,50%,35%
New York NY,20%,42%,38%
Indianapolis IN,15%,47%,38%
Louisville KY,14%,46%,40%
Lexington KY,13%,54%,33%
Macon GA,12%,48%,40%
Springfield-Holyoke MA,16%,48%,36%
Toledo OH,15%,51%,34%
St. Louis MO,15%,44%,41%
Albany-Schenectady-Troy NY,23%,44%,33%
Columbus OH,15%,46%,39%
Detroit MI,16%,38%,46%
Bowling Green KY,12%,56%,32%
Alexandria LA,16%,45%,39%
Portland OR,21%,43%,36%
Lake Charles LA,15%,46%,39%
Cleveland-Akron (Canton) OH,15%,46%,39%
Tallahassee FL-Thomasville GA,12%,42%,46%
Biloxi-Gulfport MS,18%,44%,38%
Reno NV,19%,37%,44%
Corpus Christi TX,42%,31%,27%
Jackson TN,12%,53%,35%
Wilkes Barre-Scranton PA,14%,53%,33%
Tri-Cities TN-VA,11%,57%,32%
Quincy IL-Hannibal MO-Keokuk IA,15%,57%,28%
Peoria-Bloomington IL,15%,48%,37%
Hartford & New Haven CT,17%,44%,39%
Buffalo NY,14%,45%,41%
Harrisburg-Lancaster-Lebanon-York PA,15%,51%,34%
Baltimore MD,27%,36%,37%
Lafayette LA,14%,48%,38%
San Francisco-Oakland-San Jose CA,27%,30%,43%
San Diego CA,23%,33%,44%
Rochester NY,16%,45%,39%
Elmira NY,15%,51%,34%
Bluefield-Beckley-Oak Hill WV,10%,60%,30%
Albany GA,10%,52%,38%
Springfield MO,15%,51%,34%
Chattanooga TN,13%,50%,37%
Jonesboro AR,13%,60%,27%
Norfolk-Portsmouth-Newport News VA,21%,38%,41%
Ft. Wayne IN,15%,49%,36%
Tucson (Sierra Vista) AZ,21%,32%,47%
Dothan AL,15%,40%,45%
Richmond-Petersburg VA,15%,44%,41%
Greenville-Spartanburg SC-Asheville NC-Anderson SC,15%,48%,37%
Burlington VT-Plattsburgh NY,16%,48%,36%
Philadelphia PA,18%,44%,38%
Sioux City IA,21%,54%,25%
Portland-Auburn ME,17%,48%,35%
Columbia-Jefferson City MO,15%,51%,34%
Erie PA,17%,49%,34%
Harrisonburg VA,15%,54%,31%
Montgomery (Selma) AL,12%,42%,46%
Davenport IA-Rock Island-Moline IL,16%,50%,34%
Albuquerque-Santa Fe NM,18%,34%,48%
Johnstown-Altoona PA,16%,52%,32%
Augusta GA,17%,43%,40%
Rockford IL,16%,48%,36%
Little Rock-Pine Bluff AR,17%,49%,34%
Charlotte NC,17%,42%,41%
Columbus-Tupelo-West Point MS,16%,50%,34%
Champaign & Springfield-Decatur IL,16%,49%,35%
Utica NY,17%,47%,36%
Washington DC (Hagerstown MD),27%,35%,38%
Nashville TN,15%,44%,41%
Hattiesburg-Laurel MS,14%,49%,37%
Dallas-Ft. Worth TX,24%,35%,41%
Sherman TX-Ada OK,14%,54%,32%
Beaumont-Port Arthur TX,16%,47%,37%
Roanoke-Lynchburg VA,14%,51%,35%
Meridian MS,12%,43%,45%
Seattle-Tacoma WA,25%,34%,41%
Birmingham AL,14%,45%,41%
Huntsville-Decatur (Florence) AL,15%,46%,39%
Greensboro-High Point-Winston Salem NC,15%,45%,40%
Green Bay-Appleton WI,16%,50%,34%
Grand Rapids-Kalamazoo-Battle Creek MI,18%,43%,39%
Monroe LA-El Dorado AR,15%,47%,38%
South Bend-Elkhart IN,15%,45%,40%
Syracuse NY,18%,43%,39%
Greenwood-Greenville MS,17%,51%,32%
Wausau-Rhinelander WI,19%,51%,30%
Salt Lake City UT,19%,37%,44%
Odessa-Midland TX,15%,41%,44%
Chicago IL,21%,39%,40%
Flint-Saginaw-Bay City MI,16%,46%,38%
Madison WI,18%,47%,35%
Greenville-New Bern-Washington NC,15%,48%,37%
Medford-Klamath Falls OR,19%,45%,36%
Kansas City MO,17%,40%,43%
Gainesville FL,17%,39%,44%
Butte-Bozeman MT,21%,38%,41%
Columbus GA,15%,41%,44%
Jackson MS,16%,43%,41%
Tyler-Longview(Lufkin & Nacogdoches) TX,16%,50%,34%
La Crosse-Eau Claire WI,18%,52%,30%
St. Joseph MO,17%,46%,37%
Houston TX,31%,32%,37%
Milwaukee WI,17%,43%,40%
Columbia SC,14%,45%,41%
Des Moines-Ames IA,18%,47%,35%
Los Angeles CA,25%,32%,43%
Bangor ME,22%,46%,32%
Minneapolis-St. Paul MN,20%,39%,41%
Omaha NE,19%,43%,38%
Binghamton NY,15%,48%,37%
Lansing MI,16%,44%,40%
Rochester MN-Mason City IA-Austin MN,23%,40%,37%
Tulsa OK,17%,45%,38%
Joplin MO-Pittsburg KS,19%,50%,31%
Victoria TX,35%,41%,24%
Cedar Rapids-Waterloo-Iowa City & Dubuque IA,20%,46%,34%
Ft. Smith-Fayetteville-Springdale-Rogers AR,18%,48%,34%
Raleigh-Durham (Fayetteville) NC,17%,42%,41%
Sacramento-Stockton-Modesto CA,22%,37%,41%
Yakima-Pasco-Richland-Kennewick WA,20%,46%,34%
Missoula MT,22%,37%,41%
Casper-Riverton WY,21%,45%,34%
Duluth MN-Superior WI,18%,47%,35%
"Billings, MT",23%,40%,37%
Boise ID,21%,41%,38%
Minot-Bismarck-Dickinson(Williston) ND,21%,44%,35%
Santa Barbara-Santa Maria-San Luis Obispo CA,20%,39%,41%
Watertown NY,17%,47%,36%
San Antonio TX,18%,40%,42%
Austin TX,20%,38%,42%
Presque Isle ME,20%,49%,31%
Grand Junction-Montrose CO,21%,39%,40%
El Paso TX,17%,35%,48%
Eureka CA,17%,44%,39%
North Platte NE,21%,43%,36%
Marquette MI,18%,44%,38%
Alpena MI,17%,49%,34%
Lafayette IN,26%,41%,33%
Chico-Redding CA,18%,41%,41%
Mankato MN,20%,47%,33%
Sioux Falls(Mitchell) SD,22%,48%,30%
Abilene-Sweetwater TX,18%,48%,34%
Ottumwa IA-Kirksville MO,20%,52%,28%
Idaho Falls-Pocatello ID,18%,38%,44%
Rapid City SD,22%,43%,35%
Wichita Falls TX & Lawton OK,20%,43%,37%
Spokane WA,22%,41%,37%
Monterey-Salinas CA,24%,35%,41%
Great Falls MT,25%,43%,32%
Charlottesville VA,19%,42%,39%
Helena MT,22%,40%,38%
Oklahoma City OK,19%,41%,40%
Lincoln & Hastings-Kearney NE,21%,46%,33%
Eugene OR,21%,43%,36%
Topeka KS,21%,44%,35%
Twin Falls ID,21%,39%,40%
Cheyenne WY-Scottsbluff NE,21%,40%,39%
Wichita-Hutchinson KS,21%,42%,37%
Waco-Temple-Bryan TX,20%,41%,39%
Yuma AZ-El Centro CA,17%,37%,46%
Amarillo TX,17%,45%,38%
Fargo-Valley City ND,23%,42%,35%
Lubbock TX,16%,46%,38%
Fresno-Visalia CA,19%,38%,43%
Bakersfield CA,20%,38%,42%
San Angelo TX,20%,42%,38%
Laredo TX,17%,47%,36%
Harlingen-Weslaco-Brownsville-McAllen TX,17%,43%,40%
Glendive MT,,,
